metric,mean,std,min,max,cv,se,ci_low,ci_high,t_critical,unit
http_req_receiving_avg,4711.13,2.78,4709.16,4713.10,0.0006,1.9665,4686.14,4736.12,12.7062,ms
effective_concurrency_p50,1.00,0.00,1.00,1.00,0.0000,0.0000,1.00,1.00,12.7062,requests
effective_decode_throughput_per_user_p95,110.60,0.17,110.49,110.72,0.0015,0.1181,109.10,112.10,12.7062,tokens/sec/user
http_req_waiting_p95,145.05,0.02,145.03,145.06,0.0001,0.0150,144.86,145.24,12.7062,ms
http_req_duration_p25,4853.80,2.96,4851.71,4855.90,0.0006,2.0955,4827.18,4880.43,12.7062,ms
active_prefill_throughput_avg,7381.43,13.00,7372.24,7390.61,0.0018,9.1894,7264.66,7498.19,12.7062,tokens/sec
http_req_chunks_sent_p95,1.00,0.00,1.00,1.00,0.0000,0.0000,1.00,1.00,12.7062,count
http_req_sending_std,0.22,0.01,0.22,0.23,0.0307,0.0048,0.16,0.28,12.7062,ms
http_req_waiting_p90,144.65,0.33,144.42,144.88,0.0023,0.2323,141.70,147.60,12.7062,ms
output_token_count_std,0.00,0.00,0.00,0.00,inf,0.0000,0.00,0.00,12.7062,tokens
inter_chunk_latency_p25,9.17,0.03,9.15,9.20,0.0032,0.0205,8.91,9.44,12.7062,ms
credit_to_start_latency_sum,93.69,3.20,91.43,95.95,0.0342,2.2633,64.93,122.45,12.7062,ms
http_req_duration_p10,4853.04,2.81,4851.05,4855.02,0.0006,1.9838,4827.83,4878.24,12.7062,ms
http_req_dns_lookup_p99,0.43,0.01,0.42,0.44,0.0304,0.0092,0.31,0.55,12.7062,ms
http_req_total_std,2.39,0.96,1.71,3.07,0.4011,0.6786,-6.23,11.02,12.7062,ms
reasoning_token_count_p90,0.00,0.00,0.00,0.00,inf,0.0000,0.00,0.00,12.7062,tokens
usage_prompt_tokens_p10,1062.00,0.00,1062.00,1062.00,0.0000,0.0000,1062.00,1062.00,12.7062,tokens
effective_latency_p95,4858.68,2.78,4856.72,4860.65,0.0006,1.9670,4833.69,4883.68,12.7062,ms
http_req_connection_overhead_p10,0.00,0.00,0.00,0.00,inf,0.0000,0.00,0.00,12.7062,ms
effective_prefill_throughput_per_user_max,7539.96,0.80,7539.39,7540.53,0.0001,0.5687,7532.73,7547.19,12.7062,tokens/sec/user
inter_chunk_latency_p10,9.06,0.02,9.05,9.07,0.0018,0.0114,8.91,9.20,12.7062,ms
http_req_receiving_p50,4711.18,2.70,4709.27,4713.08,0.0006,1.9058,4686.96,4735.39,12.7062,ms
http_req_blocked_p5,0.00,0.00,0.00,0.00,inf,0.0000,0.00,0.00,12.7062,ms
http_req_sending_p99,0.82,0.01,0.82,0.83,0.0067,0.0039,0.77,0.87,12.7062,ms
http_req_connection_reused_p95,1.00,0.00,1.00,1.00,0.0000,0.0000,1.00,1.00,12.7062,ratio
effective_latency_p90,4858.01,2.48,4856.25,4859.76,0.0005,1.7517,4835.75,4880.26,12.7062,ms
active_prefill_throughput_p50,7390.39,4.11,7387.48,7393.30,0.0006,2.9097,7353.42,7427.36,12.7062,tokens/sec
time_to_second_token_p95,8.71,0.01,8.71,8.72,0.0008,0.0050,8.65,8.78,12.7062,ms
output_token_count_p99,512.00,0.00,512.00,512.00,0.0000,0.0000,512.00,512.00,12.7062,tokens
http_req_chunks_received_p50,512.00,0.00,512.00,512.00,0.0000,0.0000,512.00,512.00,12.7062,count
usage_reasoning_tokens_p1,0.00,0.00,0.00,0.00,inf,0.0000,0.00,0.00,12.7062,tokens
http_req_blocked_min,0.00,0.00,0.00,0.00,inf,0.0000,0.00,0.00,12.7062,ms
http_req_total_p99,4862.63,0.34,4862.39,4862.87,0.0001,0.2385,4859.60,4865.66,12.7062,ms
osl_mismatch_diff_pct_max,0.00,0.00,0.00,0.00,inf,0.0000,0.00,0.00,12.7062,%
total_usage_reasoning_tokens_avg,0.00,0.00,0.00,0.00,inf,0.0000,0.00,0.00,12.7062,tokens
effective_prefill_throughput_per_user_std,1251.45,0.70,1250.95,1251.95,0.0006,0.4981,1245.12,1257.78,12.7062,tokens/sec/user
http_req_dns_lookup_p25,0.00,0.00,0.00,0.00,inf,0.0000,0.00,0.00,12.7062,ms
usage_prompt_cache_read_tokens_max,32.00,0.00,32.00,32.00,0.0000,0.0000,32.00,32.00,12.7062,tokens
effective_prefill_concurrency_p95,0.00,0.00,0.00,0.00,inf,0.0000,0.00,0.00,12.7062,requests
time_to_first_token_p50,143.69,0.08,143.64,143.75,0.0006,0.0566,142.98,144.41,12.7062,ms
http_req_sending_p25,0.09,0.00,0.09,0.09,0.0001,0.0000,0.09,0.09,12.7062,ms
http_req_dns_lookup_p10,0.00,0.00,0.00,0.00,inf,0.0000,0.00,0.00,12.7062,ms
prefill_throughput_per_user_p1,7048.98,136.73,6952.30,7145.67,0.0194,96.6808,5820.54,8277.43,12.7062,tokens/sec/user
decode_duration_p50,4711.17,2.70,4709.27,4713.08,0.0006,1.9061,4686.95,4735.39,12.7062,ms
output_sequence_length_p10,512.00,0.00,512.00,512.00,0.0000,0.0000,512.00,512.00,12.7062,tokens
output_token_count_p25,512.00,0.00,512.00,512.00,0.0000,0.0000,512.00,512.00,12.7062,tokens
effective_prefill_concurrency_p90,0.00,0.00,0.00,0.00,inf,0.0000,0.00,0.00,12.7062,requests
osl_mismatch_diff_pct_std,0.00,0.00,0.00,0.00,inf,0.0000,0.00,0.00,12.7062,%
effective_prefill_throughput_per_user_p99,7404.75,2.00,7403.34,7406.17,0.0003,1.4142,7386.78,7422.72,12.7062,tokens/sec/user
http_req_total_p25,4853.80,2.96,4851.71,4855.90,0.0006,2.0955,4827.18,4880.43,12.7062,ms
http_req_blocked_p90,0.00,0.00,0.00,0.00,inf,0.0000,0.00,0.00,12.7062,ms
usage_prompt_cache_read_tokens_std,5.60,1.03,4.87,6.32,0.1835,0.7261,-3.63,14.82,12.7062,tokens
http_req_sending_avg,0.13,0.00,0.13,0.13,0.0136,0.0012,0.11,0.14,12.7062,ms
http_req_receiving_sum,292090.09,172.42,291968.17,292212.01,0.0006,121.9208,290540.94,293639.24,12.7062,ms
output_token_count_avg,512.00,0.00,512.00,512.00,0.0000,0.0000,512.00,512.00,12.7062,tokens
time_to_first_output_token_p95,145.21,0.03,145.18,145.23,0.0002,0.0240,144.90,145.51,12.7062,ms
http_req_total_p10,4853.04,2.81,4851.05,4855.02,0.0006,1.9838,4827.83,4878.24,12.7062,ms
total_usage_prompt_tokens_avg,65844.00,0.00,65844.00,65844.00,0.0000,0.0000,65844.00,65844.00,12.7062,tokens
http_req_chunks_received_sum,31744.00,0.00,31744.00,31744.00,0.0000,0.0000,31744.00,31744.00,12.7062,count
osl_mismatch_diff_pct_p99,0.00,0.00,0.00,0.00,inf,0.0000,0.00,0.00,12.7062,%
http_req_connecting_avg,0.03,0.00,0.02,0.03,0.0246,0.0004,0.02,0.03,12.7062,ms
http_req_receiving_p75,4711.67,2.61,4709.82,4713.51,0.0006,1.8447,4688.23,4735.10,12.7062,ms
effective_decode_throughput_per_user_avg,105.18,0.05,105.14,105.22,0.0005,0.0376,104.70,105.66,12.7062,tokens/sec/user
request_latency_avg,4855.00,2.53,4853.21,4856.79,0.0005,1.7875,4832.29,4877.71,12.7062,ms
http_req_data_sent_p50,4.63,0.00,4.63,4.63,0.0000,0.0000,4.63,4.63,12.7062,KB
http_req_data_received_p1,127.76,0.08,127.71,127.82,0.0006,0.0569,127.04,128.49,12.7062,KB
credit_to_start_latency_max,3.89,1.93,2.53,5.26,0.4967,1.3669,-13.48,21.26,12.7062,ms
usage_prompt_cache_read_tokens_p99,32.00,0.00,32.00,32.00,0.0000,0.0000,32.00,32.00,12.7062,tokens
active_prefill_throughput_per_user_max,7539.96,0.80,7539.39,7540.53,0.0001,0.5687,7532.73,7547.19,12.7062,tokens/sec/user
http_req_chunks_sent_avg,1.00,0.00,1.00,1.00,0.0000,0.0000,1.00,1.00,12.7062,count
http_req_chunks_received_p75,512.00,0.00,512.00,512.00,0.0000,0.0000,512.00,512.00,12.7062,count
usage_reasoning_tokens_p5,0.00,0.00,0.00,0.00,inf,0.0000,0.00,0.00,12.7062,tokens
effective_decode_throughput_p50,108.44,0.06,108.39,108.48,0.0006,0.0456,107.86,109.02,12.7062,tokens/sec
active_decode_throughput_per_user_p50,108.46,0.07,108.41,108.50,0.0006,0.0473,107.86,109.06,12.7062,tokens/sec/user
usage_total_tokens_p75,1574.00,0.00,1574.00,1574.00,0.0000,0.0000,1574.00,1574.00,12.7062,tokens
inter_token_latency_p95,9.22,0.01,9.22,9.23,0.0007,0.0045,9.16,9.28,12.7062,ms
time_to_first_token_sum,8920.24,15.71,8909.14,8931.35,0.0018,11.1058,8779.13,9061.36,12.7062,ms
usage_reasoning_tokens_min,0.00,0.00,0.00,0.00,inf,0.0000,0.00,0.00,12.7062,tokens
decode_duration_sum,292089.88,172.44,291967.95,292211.81,0.0006,121.9306,290540.60,293639.15,12.7062,ms
inter_token_latency_p90,9.22,0.01,9.22,9.23,0.0006,0.0041,9.17,9.27,12.7062,ms
http_req_connecting_p50,0.00,0.00,0.00,0.00,inf,0.0000,0.00,0.00,12.7062,ms
osl_mismatch_diff_pct_p25,0.00,0.00,0.00,0.00,inf,0.0000,0.00,0.00,12.7062,%
credit_to_start_latency_std,0.32,0.23,0.15,0.48,0.7351,0.1654,-1.78,2.42,12.7062,ms
http_req_duration_p1,4852.01,2.55,4850.21,4853.81,0.0005,1.8018,4829.12,4874.90,12.7062,ms
effective_decode_throughput_per_user_p50,108.44,0.06,108.39,108.48,0.0006,0.0456,107.86,109.02,12.7062,tokens/sec/user
active_prefill_throughput_per_user_std,105.23,49.69,70.10,140.37,0.4721,35.1337,-341.18,551.65,12.7062,tokens/sec/user
http_req_waiting_p50,143.55,0.08,143.49,143.61,0.0006,0.0561,142.84,144.26,12.7062,ms
http_req_connection_reused_avg,0.98,0.00,0.98,0.98,0.0000,0.0000,0.98,0.98,12.7062,ratio
time_to_first_token_p75,144.23,0.07,144.19,144.28,0.0005,0.0481,143.62,144.84,12.7062,ms
http_req_connection_overhead_p1,0.00,0.00,0.00,0.00,inf,0.0000,0.00,0.00,12.7062,ms
time_to_second_token_avg,8.47,0.04,8.45,8.50,0.0043,0.0256,8.15,8.80,12.7062,ms
http_req_chunks_sent_p50,1.00,0.00,1.00,1.00,0.0000,0.0000,1.00,1.00,12.7062,count
prefill_throughput_per_user_p5,7313.71,1.71,7312.51,7314.92,0.0002,1.2086,7298.36,7329.07,12.7062,tokens/sec/user
effective_prefill_throughput_max,7539.96,0.80,7539.39,7540.53,0.0001,0.5687,7532.73,7547.19,12.7062,tokens/sec
usage_prompt_cache_read_tokens_p25,16.00,0.00,16.00,16.00,0.0000,0.0000,16.00,16.00,12.7062,tokens
decode_duration_p75,4711.66,2.61,4709.82,4713.51,0.0006,1.8448,4688.22,4735.10,12.7062,ms
inter_chunk_latency_p1,8.96,0.01,8.96,8.97,0.0010,0.0066,8.88,9.05,12.7062,ms
osl_mismatch_diff_pct_p10,0.00,0.00,0.00,0.00,inf,0.0000,0.00,0.00,12.7062,%
e2e_output_token_throughput_p95,105.51,0.06,105.47,105.55,0.0005,0.0394,105.01,106.01,12.7062,tokens/sec/user
effective_concurrency_max,1.00,0.00,1.00,1.00,0.0000,0.0000,1.00,1.00,12.7062,requests
effective_decode_concurrency_min,0.00,0.00,0.00,0.00,inf,0.0000,0.00,0.00,12.7062,requests
active_decode_throughput_max,261.25,0.24,261.08,261.41,0.0009,0.1670,259.12,263.37,12.7062,tokens/sec
prefill_throughput_per_user_min,6721.90,444.06,6407.90,7035.89,0.0661,313.9975,2732.18,10711.61,12.7062,tokens/sec/user
effective_latency_p50,4856.40,2.50,4854.63,4858.16,0.0005,1.7658,4833.96,4878.84,12.7062,ms
usage_prompt_cache_read_tokens_p10,16.00,0.00,16.00,16.00,0.0000,0.0000,16.00,16.00,12.7062,tokens
credit_to_start_latency_p99,2.47,0.78,1.92,3.03,0.3162,0.5531,-4.55,9.50,12.7062,ms
active_prefill_throughput_per_user_p99,7539.96,0.80,7539.39,7540.53,0.0001,0.5687,7532.73,7547.19,12.7062,tokens/sec/user
usage_completion_tokens_p95,512.00,0.00,512.00,512.00,0.0000,0.0000,512.00,512.00,12.7062,tokens
http_req_data_sent_sum,288.04,0.00,288.04,288.04,0.0000,0.0000,288.04,288.04,12.7062,KB
benchmark_duration_avg,301.21,0.15,301.10,301.32,0.0005,0.1077,299.84,302.58,12.7062,sec
http_req_connection_reused_p50,1.00,0.00,1.00,1.00,0.0000,0.0000,1.00,1.00,12.7062,ratio
effective_prefill_throughput_std,1251.45,0.70,1250.95,1251.95,0.0006,0.4981,1245.12,1257.78,12.7062,tokens/sec
total_usage_completion_tokens_avg,31744.00,0.00,31744.00,31744.00,0.0000,0.0000,31744.00,31744.00,12.7062,tokens
usage_completion_tokens_p90,512.00,0.00,512.00,512.00,0.0000,0.0000,512.00,512.00,12.7062,tokens
time_to_second_token_p50,8.50,0.01,8.49,8.50,0.0011,0.0069,8.41,8.58,12.7062,ms
effective_concurrency_std,0.03,0.00,0.03,0.03,0.0113,0.0002,0.02,0.03,12.7062,requests
input_sequence_length_avg,1062.00,0.00,1062.00,1062.00,0.0000,0.0000,1062.00,1062.00,12.7062,tokens
http_req_receiving_max,4713.07,3.47,4710.61,4715.52,0.0007,2.4516,4681.92,4744.22,12.7062,ms
effective_decode_concurrency_p95,1.00,0.00,1.00,1.00,0.0000,0.0000,1.00,1.00,12.7062,requests
http_req_data_received_p5,127.85,0.07,127.80,127.90,0.0005,0.0472,127.25,128.45,12.7062,KB
http_req_data_sent_p75,4.76,0.00,4.76,4.76,0.0000,0.0000,4.76,4.76,12.7062,KB
http_req_dns_lookup_p1,0.00,0.00,0.00,0.00,inf,0.0000,0.00,0.00,12.7062,ms
active_prefill_throughput_max,7539.96,0.80,7539.39,7540.53,0.0001,0.5687,7532.73,7547.19,12.7062,tokens/sec
effective_decode_concurrency_p90,1.00,0.00,1.00,1.00,0.0000,0.0000,1.00,1.00,12.7062,requests
http_req_connecting_sum,1.56,0.04,1.53,1.59,0.0246,0.0271,1.22,1.90,12.7062,ms
nvidia_total_gpu_energy_avg,115177.77,1293.39,114263.20,116092.34,0.0112,914.5680,103557.08,126798.46,12.7062,J
effective_prefill_throughput_p99,7404.75,2.00,7403.34,7406.17,0.0003,1.4142,7386.78,7422.72,12.7062,tokens/sec
http_req_data_received_min,127.73,0.11,127.65,127.81,0.0009,0.0771,126.75,128.71,12.7062,KB
credit_to_start_latency_p25,1.45,0.00,1.45,1.45,0.0001,0.0001,1.44,1.45,12.7062,ms
time_to_first_output_token_avg,143.87,0.25,143.70,144.05,0.0018,0.1791,141.60,146.15,12.7062,ms
output_token_throughput_per_user_p95,108.50,0.06,108.46,108.54,0.0005,0.0417,107.97,109.03,12.7062,tokens/sec/user
effective_prefill_concurrency_p50,0.00,0.00,0.00,0.00,inf,0.0000,0.00,0.00,12.7062,requests
http_req_chunks_sent_sum,62.00,0.00,62.00,62.00,0.0000,0.0000,62.00,62.00,12.7062,count
effective_concurrency_p99,1.00,0.00,1.00,1.00,0.0000,0.0000,1.00,1.00,12.7062,requests
output_token_count_p1,512.00,0.00,512.00,512.00,0.0000,0.0000,512.00,512.00,12.7062,tokens
http_req_receiving_std,0.89,0.12,0.80,0.97,0.1369,0.0859,-0.20,1.98,12.7062,ms
input_sequence_length_p50,1062.00,0.00,1062.00,1062.00,0.0000,0.0000,1062.00,1062.00,12.7062,tokens
http_req_connecting_p75,0.00,0.00,0.00,0.00,inf,0.0000,0.00,0.00,12.7062,ms
output_token_throughput_per_user_p90,108.50,0.06,108.45,108.54,0.0006,0.0428,107.95,109.04,12.7062,tokens/sec/user
usage_reasoning_tokens_p10,0.00,0.00,0.00,0.00,inf,0.0000,0.00,0.00,12.7062,tokens
http_req_duration_p5,4852.77,2.56,4850.96,4854.59,0.0005,1.8121,4829.75,4875.80,12.7062,ms
credit_to_start_latency_p10,1.41,0.00,1.41,1.42,0.0005,0.0005,1.41,1.42,12.7062,ms
http_req_waiting_p75,144.09,0.07,144.03,144.14,0.0005,0.0521,143.42,144.75,12.7062,ms
http_req_total_p1,4852.01,2.55,4850.21,4853.81,0.0005,1.8018,4829.12,4874.90,12.7062,ms
active_prefill_throughput_std,105.23,49.69,70.10,140.37,0.4721,35.1337,-341.18,551.65,12.7062,tokens/sec
http_req_chunks_received_std,0.00,0.00,0.00,0.00,inf,0.0000,0.00,0.00,12.7062,count
http_req_chunks_sent_p75,1.00,0.00,1.00,1.00,0.0000,0.0000,1.00,1.00,12.7062,count
effective_latency_sum,301103.81,153.53,300995.25,301212.37,0.0005,108.5618,299724.40,302483.22,12.7062,ms
inter_chunk_latency_p5,9.04,0.01,9.03,9.05,0.0015,0.0095,8.92,9.16,12.7062,ms
http_req_duration_min,4851.39,2.36,4849.72,4853.06,0.0005,1.6707,4830.16,4872.62,12.7062,ms
http_req_connection_reused_sum,61.00,0.00,61.00,61.00,0.0000,0.0000,61.00,61.00,12.7062,ratio
time_to_first_output_token_p50,143.69,0.08,143.64,143.75,0.0006,0.0566,142.98,144.41,12.7062,ms
time_to_second_token_sum,525.25,2.25,523.66,526.84,0.0043,1.5880,505.07,545.43,12.7062,ms
http_req_receiving_p99,4712.93,3.37,4710.55,4715.32,0.0007,2.3845,4682.63,4743.23,12.7062,ms
effective_latency_p75,4857.28,2.35,4855.62,4858.94,0.0005,1.6618,4836.17,4878.40,12.7062,ms
inter_chunk_latency_min,6.10,0.24,5.93,6.27,0.0390,0.1681,3.96,8.23,12.7062,ms
tokens_in_flight_min,0.00,0.00,0.00,0.00,inf,0.0000,0.00,0.00,12.7062,tokens
prefill_throughput_per_user_p10,7333.87,17.38,7321.58,7346.16,0.0024,12.2923,7177.68,7490.06,12.7062,tokens/sec/user
active_prefill_throughput_p99,7539.96,0.80,7539.39,7540.53,0.0001,0.5687,7532.73,7547.19,12.7062,tokens/sec
http_req_chunks_received_p99,512.00,0.00,512.00,512.00,0.0000,0.0000,512.00,512.00,12.7062,count
active_total_throughput_p95,108.51,0.06,108.47,108.55,0.0006,0.0428,107.97,109.06,12.7062,tokens/sec
time_to_first_token_std,2.15,1.09,1.38,2.92,0.5071,0.7697,-7.63,11.93,12.7062,ms
total_osl_avg,31744.00,0.00,31744.00,31744.00,0.0000,0.0000,31744.00,31744.00,12.7062,tokens
http_req_connection_reused_p75,1.00,0.00,1.00,1.00,0.0000,0.0000,1.00,1.00,12.7062,ratio
decode_duration_std,0.89,0.12,0.80,0.97,0.1360,0.0854,-0.20,1.97,12.7062,ms
time_to_second_token_p75,8.57,0.03,8.55,8.59,0.0031,0.0185,8.34,8.81,12.7062,ms
effective_prefill_throughput_avg,218.59,0.11,218.52,218.67,0.0005,0.0781,217.60,219.59,12.7062,tokens/sec
http_req_duration_p95,4856.97,3.04,4854.82,4859.13,0.0006,2.1522,4829.63,4884.32,12.7062,ms
active_total_throughput_p90,108.50,0.06,108.46,108.54,0.0006,0.0425,107.96,109.04,12.7062,tokens/sec
e2e_output_token_throughput_avg,105.46,0.05,105.42,105.50,0.0005,0.0388,104.96,105.95,12.7062,tokens/sec/user
usage_prompt_tokens_p95,1062.00,0.00,1062.00,1062.00,0.0000,0.0000,1062.00,1062.00,12.7062,tokens
inter_token_latency_p50,9.22,0.01,9.22,9.22,0.0006,0.0037,9.17,9.27,12.7062,ms
http_req_connection_overhead_p95,0.00,0.00,0.00,0.00,inf,0.0000,0.00,0.00,12.7062,ms
http_req_dns_lookup_p5,0.00,0.00,0.00,0.00,inf,0.0000,0.00,0.00,12.7062,ms
http_req_duration_p90,4856.41,2.54,4854.62,4858.21,0.0005,1.7965,4833.59,4879.24,12.7062,ms
inter_chunk_latency_p95,9.40,0.00,9.40,9.40,0.0004,0.0026,9.36,9.43,12.7062,ms
nvidia_performance_per_watt_avg,0.00,0.00,0.00,0.00,0.0112,0.0000,0.00,0.00,12.7062,requests/sec/W
input_sequence_length_sum,65844.00,0.00,65844.00,65844.00,0.0000,0.0000,65844.00,65844.00,12.7062,tokens
tokens_in_flight_p95,1547.00,0.00,1547.00,1547.00,0.0000,0.0000,1547.00,1547.00,12.7062,tokens
usage_prompt_tokens_p90,1062.00,0.00,1062.00,1062.00,0.0000,0.0000,1062.00,1062.00,12.7062,tokens
http_req_receiving_p25,4710.64,2.72,4708.72,4712.57,0.0006,1.9264,4686.17,4735.12,12.7062,ms
osl_mismatch_diff_pct_p1,0.00,0.00,0.00,0.00,inf,0.0000,0.00,0.00,12.7062,%
http_req_connection_overhead_p90,0.00,0.00,0.00,0.00,inf,0.0000,0.00,0.00,12.7062,ms
http_req_sending_max,1.86,0.06,1.82,1.90,0.0299,0.0392,1.36,2.36,12.7062,ms
time_to_first_token_p99,151.01,3.34,148.64,153.37,0.0221,2.3649,120.96,181.06,12.7062,ms
inter_chunk_latency_p90,9.38,0.01,9.38,9.38,0.0006,0.0038,9.33,9.43,12.7062,ms
decode_duration_p99,4712.93,3.37,4710.55,4715.31,0.0007,2.3841,4682.64,4743.22,12.7062,ms
http_req_dns_lookup_min,0.00,0.00,0.00,0.00,inf,0.0000,0.00,0.00,12.7062,ms
http_req_sending_p5,0.09,0.00,0.09,0.09,0.0342,0.0021,0.06,0.12,12.7062,ms
http_req_chunks_received_p25,512.00,0.00,512.00,512.00,0.0000,0.0000,512.00,512.00,12.7062,count
tokens_in_flight_p90,1521.00,0.00,1521.00,1521.00,0.0000,0.0000,1521.00,1521.00,12.7062,tokens
http_req_data_received_p10,127.90,0.05,127.86,127.93,0.0004,0.0337,127.47,128.32,12.7062,KB
usage_prompt_cache_read_tokens_p1,12.88,4.41,9.76,16.00,0.3426,3.1200,-26.76,52.52,12.7062,tokens
output_token_count_p5,512.00,0.00,512.00,512.00,0.0000,0.0000,512.00,512.00,12.7062,tokens
nvidia_output_tokens_per_joule_avg,0.28,0.00,0.27,0.28,0.0112,0.0022,0.25,0.30,12.7062,tokens/J
input_sequence_length_p75,1062.00,0.00,1062.00,1062.00,0.0000,0.0000,1062.00,1062.00,12.7062,tokens
http_req_receiving_p10,4709.84,2.63,4707.98,4711.69,0.0006,1.8569,4686.24,4733.43,12.7062,ms
http_req_connecting_max,1.56,0.04,1.53,1.59,0.0246,0.0271,1.22,1.90,12.7062,ms
http_req_data_sent_std,0.17,0.00,0.17,0.17,0.0000,0.0000,0.17,0.17,12.7062,KB
time_to_first_output_token_sum,8920.24,15.71,8909.14,8931.35,0.0018,11.1058,8779.13,9061.36,12.7062,ms
e2e_output_token_throughput_p50,105.46,0.05,105.42,105.50,0.0005,0.0386,104.97,105.95,12.7062,tokens/sec/user
http_req_total_p5,4852.77,2.56,4850.96,4854.59,0.0005,1.8121,4829.75,4875.80,12.7062,ms
request_latency_max,4867.63,6.67,4862.91,4872.34,0.0014,4.7188,4807.67,4927.58,12.7062,ms
effective_decode_throughput_per_user_max,261.25,0.24,261.08,261.41,0.0009,0.1670,259.12,263.37,12.7062,tokens/sec/user
effective_decode_throughput_std,18.80,0.06,18.76,18.84,0.0031,0.0408,18.28,19.32,12.7062,tokens/sec
output_token_count_min,512.00,0.00,512.00,512.00,0.0000,0.0000,512.00,512.00,12.7062,tokens
http_req_chunks_sent_max,1.00,0.00,1.00,1.00,0.0000,0.0000,1.00,1.00,12.7062,count
effective_total_throughput_p95,108.51,0.06,108.47,108.55,0.0006,0.0428,107.97,109.06,12.7062,tokens/sec
active_decode_throughput_per_user_std,2.85,0.15,2.74,2.96,0.0540,0.1088,1.47,4.23,12.7062,tokens/sec/user
http_req_chunks_received_avg,512.00,0.00,512.00,512.00,0.0000,0.0000,512.00,512.00,12.7062,count
reasoning_token_count_p95,0.00,0.00,0.00,0.00,inf,0.0000,0.00,0.00,12.7062,tokens
http_req_total_min,4851.39,2.36,4849.72,4853.06,0.0005,1.6707,4830.16,4872.62,12.7062,ms
usage_completion_tokens_p50,512.00,0.00,512.00,512.00,0.0000,0.0000,512.00,512.00,12.7062,tokens
usage_total_tokens_avg,1574.00,0.00,1574.00,1574.00,0.0000,0.0000,1574.00,1574.00,12.7062,tokens
total_token_throughput_avg,323.98,0.16,323.87,324.10,0.0005,0.1158,322.51,325.45,12.7062,tokens/sec
time_to_first_output_token_p75,144.23,0.07,144.19,144.28,0.0005,0.0481,143.62,144.84,12.7062,ms
effective_total_throughput_p90,108.50,0.06,108.46,108.54,0.0006,0.0425,107.96,109.04,12.7062,tokens/sec
time_to_first_token_p25,143.16,0.08,143.10,143.21,0.0006,0.0573,142.43,143.88,12.7062,ms
output_sequence_length_p95,512.00,0.00,512.00,512.00,0.0000,0.0000,512.00,512.00,12.7062,tokens
decode_duration_p25,4710.64,2.72,4708.71,4712.57,0.0006,1.9264,4686.16,4735.12,12.7062,ms
http_req_connecting_std,0.20,0.00,0.19,0.20,0.0246,0.0034,0.15,0.24,12.7062,ms
http_req_data_sent_p99,4.97,0.00,4.97,4.97,0.0000,0.0000,4.97,4.97,12.7062,KB
http_req_dns_lookup_p90,0.00,0.00,0.00,0.00,inf,0.0000,0.00,0.00,12.7062,ms
effective_decode_throughput_per_user_std,18.80,0.06,18.76,18.84,0.0031,0.0408,18.28,19.32,12.7062,tokens/sec/user
request_latency_std,2.15,0.88,1.53,2.77,0.4099,0.6231,-5.77,10.07,12.7062,ms
inter_token_latency_sum,571.60,0.34,571.37,571.84,0.0006,0.2386,568.57,574.64,12.7062,ms
output_sequence_length_p90,512.00,0.00,512.00,512.00,0.0000,0.0000,512.00,512.00,12.7062,tokens
effective_decode_concurrency_p50,1.00,0.00,1.00,1.00,0.0000,0.0000,1.00,1.00,12.7062,requests
effective_decode_throughput_p99,111.23,0.18,111.10,111.35,0.0016,0.1248,109.64,112.81,12.7062,tokens/sec
nvidia_average_gpu_power_avg,382.38,4.10,379.48,385.28,0.0107,2.8996,345.53,419.22,12.7062,W
http_req_chunks_sent_std,0.00,0.00,0.00,0.00,inf,0.0000,0.00,0.00,12.7062,count
active_decode_throughput_per_user_p99,111.26,0.17,111.14,111.38,0.0015,0.1214,109.72,112.80,12.7062,tokens/sec/user
http_req_connection_reused_max,1.00,0.00,1.00,1.00,0.0000,0.0000,1.00,1.00,12.7062,ratio
time_to_first_token_avg,143.87,0.25,143.70,144.05,0.0018,0.1791,141.60,146.15,12.7062,ms
time_to_second_token_max,8.77,0.02,8.75,8.79,0.0025,0.0158,8.57,8.97,12.7062,ms
decode_duration_avg,4711.13,2.78,4709.16,4713.09,0.0006,1.9666,4686.14,4736.12,12.7062,ms
credit_to_start_latency_p1,1.21,0.00,1.21,1.21,0.0029,0.0025,1.18,1.24,12.7062,ms
inter_token_latency_p75,9.22,0.01,9.22,9.22,0.0006,0.0036,9.17,9.27,12.7062,ms
usage_total_tokens_p50,1574.00,0.00,1574.00,1574.00,0.0000,0.0000,1574.00,1574.00,12.7062,tokens
effective_prefill_throughput_per_user_min,0.00,0.00,0.00,0.00,inf,0.0000,0.00,0.00,12.7062,tokens/sec/user
output_token_throughput_per_user_p50,108.47,0.06,108.42,108.51,0.0006,0.0439,107.91,109.02,12.7062,tokens/sec/user
http_req_connecting_p99,0.61,0.01,0.60,0.62,0.0246,0.0106,0.47,0.74,12.7062,ms
effective_latency_std,2.11,0.89,1.48,2.74,0.4212,0.6284,-5.87,10.09,12.7062,ms
nvidia_energy_delay_product_avg,9019.19,105.98,8944.26,9094.13,0.0118,74.9372,8067.02,9971.36,12.7062,J*s
http_req_total_p90,4856.41,2.54,4854.62,4858.21,0.0005,1.7965,4833.59,4879.24,12.7062,ms
effective_decode_throughput_per_user_p99,111.23,0.18,111.10,111.35,0.0016,0.1248,109.64,112.81,12.7062,tokens/sec/user
request_latency_p99,4861.67,0.31,4861.45,4861.88,0.0001,0.2194,4858.88,4864.45,12.7062,ms
osl_mismatch_diff_pct_p5,0.00,0.00,0.00,0.00,inf,0.0000,0.00,0.00,12.7062,%
e2e_output_token_throughput_sum,6538.41,3.41,6536.01,6540.82,0.0005,2.4080,6507.82,6569.01,12.7062,tokens/sec/user
http_req_chunks_sent_p99,1.00,0.00,1.00,1.00,0.0000,0.0000,1.00,1.00,12.7062,count
http_req_data_sent_p25,4.56,0.00,4.56,4.56,0.0000,0.0000,4.56,4.56,12.7062,KB
http_req_connection_reused_std,0.13,0.00,0.13,0.13,0.0000,0.0000,0.13,0.13,12.7062,ratio
time_to_second_token_std,0.20,0.05,0.17,0.23,0.2365,0.0336,-0.23,0.63,12.7062,ms
effective_prefill_concurrency_max,1.00,0.00,1.00,1.00,0.0000,0.0000,1.00,1.00,12.7062,requests
usage_prompt_cache_read_tokens_p5,16.00,0.00,16.00,16.00,0.0000,0.0000,16.00,16.00,12.7062,tokens
osl_mismatch_diff_pct_min,0.00,0.00,0.00,0.00,inf,0.0000,0.00,0.00,12.7062,%
usage_completion_tokens_sum,31744.00,0.00,31744.00,31744.00,0.0000,0.0000,31744.00,31744.00,12.7062,tokens
input_sequence_length_max,1062.00,0.00,1062.00,1062.00,0.0000,0.0000,1062.00,1062.00,12.7062,tokens
http_req_blocked_p95,0.00,0.00,0.00,0.00,inf,0.0000,0.00,0.00,12.7062,ms
e2e_output_token_throughput_p75,105.48,0.06,105.44,105.53,0.0006,0.0456,104.90,106.06,12.7062,tokens/sec/user
usage_prompt_tokens_avg,1062.00,0.00,1062.00,1062.00,0.0000,0.0000,1062.00,1062.00,12.7062,tokens
effective_prefill_throughput_per_user_p95,0.00,0.00,0.00,0.00,inf,0.0000,0.00,0.00,12.7062,tokens/sec/user
effective_latency_p99,4863.00,0.41,4862.71,4863.29,0.0001,0.2885,4859.33,4866.66,12.7062,ms
http_req_data_sent_avg,4.65,0.00,4.65,4.65,0.0000,0.0000,4.65,4.65,12.7062,KB
usage_prompt_cache_read_tokens_min,8.00,11.31,0.00,16.00,1.4142,8.0000,-93.65,109.65,12.7062,tokens
http_req_sending_p10,0.09,0.00,0.09,0.09,0.0246,0.0016,0.07,0.11,12.7062,ms
http_req_connecting_p25,0.00,0.00,0.00,0.00,inf,0.0000,0.00,0.00,12.7062,ms
http_req_connection_reused_p99,1.00,0.00,1.00,1.00,0.0000,0.0000,1.00,1.00,12.7062,ratio
effective_prefill_throughput_per_user_p90,0.00,0.00,0.00,0.00,inf,0.0000,0.00,0.00,12.7062,tokens/sec/user
effective_decode_throughput_avg,105.18,0.05,105.14,105.22,0.0005,0.0376,104.70,105.66,12.7062,tokens/sec
active_decode_throughput_per_user_avg,108.47,0.06,108.42,108.51,0.0006,0.0453,107.89,109.04,12.7062,tokens/sec/user
request_latency_p25,4853.85,2.97,4851.75,4855.94,0.0006,2.0968,4827.20,4880.49,12.7062,ms
output_token_count_p10,512.00,0.00,512.00,512.00,0.0000,0.0000,512.00,512.00,12.7062,tokens
usage_completion_tokens_p75,512.00,0.00,512.00,512.00,0.0000,0.0000,512.00,512.00,12.7062,tokens
time_to_second_token_p99,8.75,0.01,8.74,8.76,0.0013,0.0081,8.65,8.85,12.7062,ms
effective_prefill_concurrency_std,0.17,0.00,0.17,0.17,0.0011,0.0001,0.17,0.17,12.7062,requests
time_to_first_output_token_max,158.34,10.46,150.94,165.73,0.0661,7.3963,64.36,252.32,12.7062,ms
http_req_chunks_sent_p25,1.00,0.00,1.00,1.00,0.0000,0.0000,1.00,1.00,12.7062,count
active_total_throughput_p50,108.47,0.06,108.42,108.51,0.0006,0.0436,107.91,109.02,12.7062,tokens/sec
output_token_throughput_avg,105.39,0.05,105.35,105.42,0.0005,0.0377,104.91,105.87,12.7062,tokens/sec
input_sequence_length_std,0.00,0.00,0.00,0.00,inf,0.0000,0.00,0.00,12.7062,tokens
http_req_connecting_p10,0.00,0.00,0.00,0.00,inf,0.0000,0.00,0.00,12.7062,ms
request_latency_p10,4853.08,2.81,4851.09,4855.07,0.0006,1.9876,4827.82,4878.33,12.7062,ms
usage_total_tokens_sum,97588.00,0.00,97588.00,97588.00,0.0000,0.0000,97588.00,97588.00,12.7062,tokens
output_token_throughput_per_user_sum,6724.93,3.97,6722.12,6727.74,0.0006,2.8072,6689.26,6760.60,12.7062,tokens/sec/user
usage_prompt_tokens_p50,1062.00,0.00,1062.00,1062.00,0.0000,0.0000,1062.00,1062.00,12.7062,tokens
http_req_waiting_avg,143.70,0.25,143.52,143.88,0.0018,0.1781,141.43,145.96,12.7062,ms
http_req_chunks_sent_p10,1.00,0.00,1.00,1.00,0.0000,0.0000,1.00,1.00,12.7062,count
usage_prompt_cache_read_tokens_p95,32.00,0.00,32.00,32.00,0.0000,0.0000,32.00,32.00,12.7062,tokens
osl_mismatch_diff_pct_p90,0.00,0.00,0.00,0.00,inf,0.0000,0.00,0.00,12.7062,%
http_req_connection_overhead_p50,0.00,0.00,0.00,0.00,inf,0.0000,0.00,0.00,12.7062,ms
effective_latency_p25,4855.37,2.91,4853.31,4857.43,0.0006,2.0572,4829.23,4881.51,12.7062,ms
http_req_receiving_p1,4708.99,2.74,4707.06,4710.93,0.0006,1.9370,4684.38,4733.61,12.7062,ms
effective_prefill_concurrency_p99,1.00,0.00,1.00,1.00,0.0000,0.0000,1.00,1.00,12.7062,requests
tokens_in_flight_p50,1310.00,0.00,1310.00,1310.00,0.0000,0.0000,1310.00,1310.00,12.7062,tokens
reasoning_token_count_avg,0.00,0.00,0.00,0.00,inf,0.0000,0.00,0.00,12.7062,tokens
credit_to_start_latency_p5,1.40,0.00,1.40,1.40,0.0014,0.0014,1.38,1.42,12.7062,ms
usage_prompt_cache_read_tokens_p90,24.00,11.31,16.00,32.00,0.4714,8.0000,-77.65,125.65,12.7062,tokens
time_to_first_output_token_std,2.15,1.09,1.38,2.92,0.5071,0.7697,-7.63,11.93,12.7062,ms
http_req_connection_reused_p25,1.00,0.00,1.00,1.00,0.0000,0.0000,1.00,1.00,12.7062,ratio
output_token_throughput_per_user_p75,108.48,0.06,108.43,108.52,0.0006,0.0444,107.91,109.04,12.7062,tokens/sec/user
input_sequence_length_p99,1062.00,0.00,1062.00,1062.00,0.0000,0.0000,1062.00,1062.00,12.7062,tokens
time_to_second_token_p25,8.39,0.05,8.35,8.42,0.0055,0.0323,7.97,8.80,12.7062,ms
effective_latency_avg,4856.51,2.48,4854.76,4858.26,0.0005,1.7510,4834.26,4878.76,12.7062,ms
credit_to_start_latency_min,0.96,0.01,0.95,0.96,0.0080,0.0054,0.89,1.02,12.7062,ms
active_prefill_throughput_per_user_min,6721.90,444.05,6407.90,7035.89,0.0661,313.9933,2732.23,10711.56,12.7062,tokens/sec/user
http_req_connection_reused_p10,1.00,0.00,1.00,1.00,0.0000,0.0000,1.00,1.00,12.7062,ratio
time_to_second_token_p10,8.32,0.02,8.31,8.33,0.0019,0.0112,8.18,8.46,12.7062,ms
effective_total_throughput_p50,108.47,0.06,108.42,108.51,0.0006,0.0436,107.91,109.02,12.7062,tokens/sec
time_to_first_output_token_p99,151.01,3.34,148.64,153.37,0.0221,2.3649,120.96,181.06,12.7062,ms
inter_token_latency_std,0.00,0.00,0.00,0.00,0.1360,0.0002,-0.00,0.00,12.7062,ms
nvidia_output_tps_per_watt_avg,0.28,0.00,0.27,0.28,0.0112,0.0022,0.25,0.30,12.7062,tokens/sec/W
reasoning_token_count_p50,0.00,0.00,0.00,0.00,inf,0.0000,0.00,0.00,12.7062,tokens
e2e_output_token_throughput_max,105.54,0.05,105.50,105.57,0.0005,0.0363,105.07,106.00,12.7062,tokens/sec/user
time_to_first_token_p1,141.10,0.08,141.05,141.15,0.0005,0.0533,140.42,141.78,12.7062,ms
decode_duration_p1,4708.99,2.75,4707.04,4710.93,0.0006,1.9423,4684.31,4733.67,12.7062,ms
output_sequence_length_p50,512.00,0.00,512.00,512.00,0.0000,0.0000,512.00,512.00,12.7062,tokens
usage_reasoning_tokens_p95,0.00,0.00,0.00,0.00,inf,0.0000,0.00,0.00,12.7062,tokens
input_sequence_length_p25,1062.00,0.00,1062.00,1062.00,0.0000,0.0000,1062.00,1062.00,12.7062,tokens
credit_to_start_latency_p95,1.55,0.05,1.52,1.59,0.0341,0.0375,1.08,2.03,12.7062,ms
active_prefill_throughput_per_user_p95,7478.47,26.06,7460.04,7496.90,0.0035,18.4292,7244.30,7712.63,12.7062,tokens/sec/user
usage_prompt_tokens_sum,65844.00,0.00,65844.00,65844.00,0.0000,0.0000,65844.00,65844.00,12.7062,tokens
usage_completion_tokens_max,512.00,0.00,512.00,512.00,0.0000,0.0000,512.00,512.00,12.7062,tokens
effective_prefill_throughput_min,0.00,0.00,0.00,0.00,inf,0.0000,0.00,0.00,12.7062,tokens/sec
http_req_connection_overhead_sum,2.66,0.07,2.61,2.71,0.0270,0.0508,2.02,3.31,12.7062,ms
usage_reasoning_tokens_p90,0.00,0.00,0.00,0.00,inf,0.0000,0.00,0.00,12.7062,tokens
credit_to_start_latency_p90,1.54,0.05,1.50,1.58,0.0330,0.0360,1.08,2.00,12.7062,ms
effective_prefill_concurrency_avg,0.03,0.00,0.03,0.03,0.0023,0.0000,0.03,0.03,12.7062,requests
active_prefill_throughput_per_user_p90,7454.81,19.67,7440.90,7468.71,0.0026,13.9054,7278.12,7631.49,12.7062,tokens/sec/user
effective_concurrency_min,0.00,0.00,0.00,0.00,inf,0.0000,0.00,0.00,12.7062,requests
inter_token_latency_p99,9.22,0.01,9.22,9.23,0.0007,0.0047,9.16,9.28,12.7062,ms
input_sequence_length_p10,1062.00,0.00,1062.00,1062.00,0.0000,0.0000,1062.00,1062.00,12.7062,tokens
http_req_duration_p75,4855.71,2.42,4854.00,4857.42,0.0005,1.7090,4833.99,4877.42,12.7062,ms
e2e_output_token_throughput_std,0.05,0.02,0.03,0.06,0.4091,0.0135,-0.12,0.22,12.7062,tokens/sec/user
active_decode_throughput_min,0.00,0.00,0.00,0.00,inf,0.0000,0.00,0.00,12.7062,tokens/sec
http_req_blocked_avg,0.00,0.00,0.00,0.00,inf,0.0000,0.00,0.00,12.7062,ms
time_to_first_output_token_p25,143.16,0.08,143.10,143.21,0.0006,0.0573,142.43,143.88,12.7062,ms
usage_prompt_tokens_p75,1062.00,0.00,1062.00,1062.00,0.0000,0.0000,1062.00,1062.00,12.7062,tokens
http_req_connection_overhead_p75,0.00,0.00,0.00,0.00,inf,0.0000,0.00,0.00,12.7062,ms
prefill_throughput_per_user_p95,7477.86,25.67,7459.71,7496.01,0.0034,18.1525,7247.21,7708.51,12.7062,tokens/sec/user
http_req_receiving_p5,4709.62,2.56,4707.81,4711.43,0.0005,1.8111,4686.61,4732.63,12.7062,ms
usage_completion_tokens_std,0.00,0.00,0.00,0.00,inf,0.0000,0.00,0.00,12.7062,tokens
http_req_chunks_received_max,512.00,0.00,512.00,512.00,0.0000,0.0000,512.00,512.00,12.7062,count
overall_usage_prompt_cache_read_pct_avg,1.70,0.14,1.60,1.80,0.0808,0.0972,0.47,2.94,12.7062,%
http_req_data_sent_p1,4.28,0.00,4.28,4.28,0.0000,0.0000,4.28,4.28,12.7062,KB
time_to_first_output_token_p10,142.47,0.37,142.21,142.73,0.0026,0.2613,139.15,145.79,12.7062,ms
usage_total_tokens_max,1574.00,0.00,1574.00,1574.00,0.0000,0.0000,1574.00,1574.00,12.7062,tokens
http_req_waiting_sum,8909.27,15.62,8898.23,8920.31,0.0018,11.0441,8768.94,9049.60,12.7062,ms
prefill_throughput_per_user_p90,7454.26,19.34,7440.59,7467.94,0.0026,13.6742,7280.52,7628.01,12.7062,tokens/sec/user
output_token_throughput_per_user_max,108.52,0.07,108.48,108.57,0.0006,0.0478,107.92,109.13,12.7062,tokens/sec/user
effective_concurrency_p95,1.00,0.00,1.00,1.00,0.0000,0.0000,1.00,1.00,12.7062,requests
http_req_receiving_min,4708.70,2.91,4706.64,4710.76,0.0006,2.0606,4682.52,4734.88,12.7062,ms
e2e_output_token_throughput_p99,105.52,0.06,105.48,105.56,0.0005,0.0392,105.02,106.02,12.7062,tokens/sec/user
http_req_sending_p1,0.08,0.00,0.08,0.09,0.0338,0.0020,0.06,0.11,12.7062,ms
active_decode_throughput_p95,110.61,0.17,110.49,110.73,0.0015,0.1175,109.12,112.10,12.7062,tokens/sec
reasoning_token_count_sum,0.00,0.00,0.00,0.00,inf,0.0000,0.00,0.00,12.7062,tokens
effective_decode_concurrency_std,0.17,0.00,0.17,0.17,0.0013,0.0002,0.17,0.17,12.7062,requests
inter_token_latency_p25,9.22,0.01,9.21,9.22,0.0006,0.0038,9.17,9.27,12.7062,ms
active_prefill_throughput_min,6721.90,444.05,6407.90,7035.89,0.0661,313.9933,2732.23,10711.56,12.7062,tokens/sec
effective_concurrency_p90,1.00,0.00,1.00,1.00,0.0000,0.0000,1.00,1.00,12.7062,requests
http_req_blocked_p50,0.00,0.00,0.00,0.00,inf,0.0000,0.00,0.00,12.7062,ms
effective_prefill_throughput_per_user_p50,0.00,0.00,0.00,0.00,inf,0.0000,0.00,0.00,12.7062,tokens/sec/user
output_sequence_length_sum,31744.00,0.00,31744.00,31744.00,0.0000,0.0000,31744.00,31744.00,12.7062,tokens
active_decode_throughput_p90,110.39,0.20,110.25,110.53,0.0018,0.1400,108.62,112.17,12.7062,tokens/sec
usage_completion_tokens_p99,512.00,0.00,512.00,512.00,0.0000,0.0000,512.00,512.00,12.7062,tokens
http_req_connecting_p1,0.00,0.00,0.00,0.00,inf,0.0000,0.00,0.00,12.7062,ms
time_to_first_token_max,158.34,10.46,150.94,165.73,0.0661,7.3963,64.36,252.32,12.7062,ms
request_latency_p1,4852.05,2.55,4850.25,4853.86,0.0005,1.8026,4829.15,4874.96,12.7062,ms
usage_total_tokens_std,0.00,0.00,0.00,0.00,inf,0.0000,0.00,0.00,12.7062,tokens
reasoning_token_count_p75,0.00,0.00,0.00,0.00,inf,0.0000,0.00,0.00,12.7062,tokens
decode_duration_max,4713.06,3.47,4710.61,4715.52,0.0007,2.4517,4681.91,4744.22,12.7062,ms
output_token_throughput_per_user_std,0.02,0.00,0.02,0.02,0.1347,0.0019,-0.00,0.05,12.7062,tokens/sec/user
time_to_first_token_p5,142.02,0.49,141.68,142.36,0.0034,0.3447,137.64,146.40,12.7062,ms
http_req_data_received_p95,128.23,0.01,128.23,128.23,0.0000,0.0038,128.18,128.28,12.7062,KB
inter_token_latency_avg,9.22,0.01,9.22,9.22,0.0006,0.0038,9.17,9.27,12.7062,ms
http_req_chunks_sent_p1,1.00,0.00,1.00,1.00,0.0000,0.0000,1.00,1.00,12.7062,count
decode_duration_p5,4709.62,2.56,4707.81,4711.43,0.0005,1.8112,4686.60,4732.63,12.7062,ms
output_sequence_length_p75,512.00,0.00,512.00,512.00,0.0000,0.0000,512.00,512.00,12.7062,tokens
effective_decode_concurrency_p99,1.00,0.00,1.00,1.00,0.0000,0.0000,1.00,1.00,12.7062,requests
http_req_data_received_p90,128.21,0.01,128.20,128.22,0.0001,0.0060,128.13,128.29,12.7062,KB
active_prefill_throughput_p95,7478.47,26.06,7460.04,7496.90,0.0035,18.4292,7244.30,7712.63,12.7062,tokens/sec
e2e_output_token_throughput_p25,105.44,0.05,105.40,105.48,0.0005,0.0371,104.97,105.91,12.7062,tokens/sec/user
time_to_first_token_min,140.85,0.02,140.84,140.86,0.0001,0.0107,140.71,140.99,12.7062,ms
http_req_receiving_p90,4712.15,2.99,4710.04,4714.26,0.0006,2.1108,4685.33,4738.97,12.7062,ms
decode_duration_min,4708.69,2.93,4706.61,4710.76,0.0006,2.0735,4682.34,4735.03,12.7062,ms
active_total_throughput_max,7539.96,0.80,7539.39,7540.53,0.0001,0.5687,7532.73,7547.19,12.7062,tokens/sec
active_prefill_throughput_p90,7454.81,19.67,7440.90,7468.71,0.0026,13.9054,7278.12,7631.49,12.7062,tokens/sec
usage_total_tokens_p99,1574.00,0.00,1574.00,1574.00,0.0000,0.0000,1574.00,1574.00,12.7062,tokens
output_token_throughput_per_user_p99,108.52,0.06,108.47,108.56,0.0006,0.0448,107.95,109.08,12.7062,tokens/sec/user
usage_completion_tokens_p25,512.00,0.00,512.00,512.00,0.0000,0.0000,512.00,512.00,12.7062,tokens
e2e_output_token_throughput_p10,105.43,0.06,105.39,105.47,0.0005,0.0391,104.93,105.92,12.7062,tokens/sec/user
http_req_connection_reused_p1,0.61,0.00,0.61,0.61,0.0000,0.0000,0.61,0.61,12.7062,ratio
usage_prompt_tokens_max,1062.00,0.00,1062.00,1062.00,0.0000,0.0000,1062.00,1062.00,12.7062,tokens
time_to_second_token_p1,7.78,0.34,7.54,8.02,0.0432,0.2374,4.76,10.80,12.7062,ms
http_req_data_sent_max,4.98,0.00,4.98,4.98,0.0000,0.0000,4.98,4.98,12.7062,KB
usage_reasoning_tokens_avg,0.00,0.00,0.00,0.00,inf,0.0000,0.00,0.00,12.7062,tokens
http_req_data_sent_p5,4.35,0.00,4.35,4.35,0.0000,0.0000,4.35,4.35,12.7062,KB
request_throughput_avg,0.21,0.00,0.21,0.21,0.0005,0.0001,0.20,0.21,12.7062,requests/sec
effective_decode_throughput_max,261.25,0.24,261.08,261.41,0.0009,0.1670,259.12,263.37,12.7062,tokens/sec
http_req_blocked_sum,0.00,0.00,0.00,0.00,inf,0.0000,0.00,0.00,12.7062,ms
active_decode_throughput_per_user_max,261.25,0.24,261.08,261.41,0.0009,0.1670,259.12,263.37,12.7062,tokens/sec/user
active_total_throughput_std,1233.47,0.72,1232.96,1233.98,0.0006,0.5125,1226.96,1239.98,12.7062,tokens/sec
usage_completion_tokens_avg,512.00,0.00,512.00,512.00,0.0000,0.0000,512.00,512.00,12.7062,tokens
http_req_data_sent_min,4.26,0.00,4.26,4.26,0.0000,0.0000,4.26,4.26,12.7062,KB
input_token_throughput_avg,218.59,0.11,218.52,218.67,0.0005,0.0781,217.60,219.59,12.7062,tokens/sec
usage_total_tokens_p25,1574.00,0.00,1574.00,1574.00,0.0000,0.0000,1574.00,1574.00,12.7062,tokens
usage_prompt_tokens_std,0.00,0.00,0.00,0.00,inf,0.0000,0.00,0.00,12.7062,tokens
http_req_connection_overhead_std,0.34,0.01,0.33,0.34,0.0270,0.0064,0.25,0.42,12.7062,ms
http_req_blocked_p75,0.00,0.00,0.00,0.00,inf,0.0000,0.00,0.00,12.7062,ms
output_token_throughput_per_user_p25,108.45,0.06,108.41,108.50,0.0006,0.0425,107.91,108.99,12.7062,tokens/sec/user
effective_decode_throughput_min,0.00,0.00,0.00,0.00,inf,0.0000,0.00,0.00,12.7062,tokens/sec
effective_decode_concurrency_avg,0.97,0.00,0.97,0.97,0.0001,0.0001,0.97,0.97,12.7062,requests
active_decode_throughput_per_user_min,0.00,0.00,0.00,0.00,inf,0.0000,0.00,0.00,12.7062,tokens/sec/user
http_req_waiting_max,156.34,10.40,148.99,163.70,0.0665,7.3552,62.89,249.80,12.7062,ms
http_req_sending_min,0.08,0.00,0.08,0.09,0.0435,0.0026,0.05,0.12,12.7062,ms
input_sequence_length_p1,1062.00,0.00,1062.00,1062.00,0.0000,0.0000,1062.00,1062.00,12.7062,tokens
http_req_chunks_received_p10,512.00,0.00,512.00,512.00,0.0000,0.0000,512.00,512.00,12.7062,count
http_req_connecting_p5,0.00,0.00,0.00,0.00,inf,0.0000,0.00,0.00,12.7062,ms
usage_reasoning_tokens_p50,0.00,0.00,0.00,0.00,inf,0.0000,0.00,0.00,12.7062,tokens
effective_total_throughput_max,7539.96,0.80,7539.39,7540.53,0.0001,0.5687,7532.73,7547.19,12.7062,tokens/sec
active_total_throughput_p99,7404.75,2.00,7403.34,7406.17,0.0003,1.4142,7386.78,7422.72,12.7062,tokens/sec
request_latency_p5,4852.82,2.56,4851.00,4854.63,0.0005,1.8115,4829.80,4875.83,12.7062,ms
credit_to_start_latency_p50,1.49,0.03,1.47,1.50,0.0176,0.0185,1.25,1.72,12.7062,ms
nvidia_total_gpu_power_avg,382.26,4.12,379.35,385.17,0.0108,2.9109,345.28,419.25,12.7062,W
usage_total_tokens_p10,1574.00,0.00,1574.00,1574.00,0.0000,0.0000,1574.00,1574.00,12.7062,tokens
active_prefill_throughput_per_user_p50,7390.39,4.11,7387.48,7393.30,0.0006,2.9097,7353.42,7427.36,12.7062,tokens/sec/user
reasoning_token_count_max,0.00,0.00,0.00,0.00,inf,0.0000,0.00,0.00,12.7062,tokens
total_reasoning_tokens_avg,0.00,0.00,0.00,0.00,inf,0.0000,0.00,0.00,12.7062,tokens
http_req_chunks_sent_p5,1.00,0.00,1.00,1.00,0.0000,0.0000,1.00,1.00,12.7062,count
http_req_dns_lookup_p95,0.00,0.00,0.00,0.00,inf,0.0000,0.00,0.00,12.7062,ms
http_req_connecting_min,0.00,0.00,0.00,0.00,inf,0.0000,0.00,0.00,12.7062,ms
output_token_throughput_per_user_avg,108.47,0.06,108.42,108.51,0.0006,0.0453,107.89,109.04,12.7062,tokens/sec/user
output_sequence_length_max,512.00,0.00,512.00,512.00,0.0000,0.0000,512.00,512.00,12.7062,tokens
usage_prompt_tokens_p99,1062.00,0.00,1062.00,1062.00,0.0000,0.0000,1062.00,1062.00,12.7062,tokens
request_latency_min,4851.43,2.36,4849.76,4853.10,0.0005,1.6687,4830.23,4872.63,12.7062,ms
effective_decode_throughput_per_user_min,0.00,0.00,0.00,0.00,inf,0.0000,0.00,0.00,12.7062,tokens/sec/user
nvidia_energy_per_total_token_avg,1180.25,13.25,1170.87,1189.62,0.0112,9.3717,1061.17,1299.32,12.7062,mJ/token
http_req_connection_overhead_p99,1.04,0.03,1.02,1.06,0.0270,0.0198,0.79,1.29,12.7062,ms
effective_latency_max,4868.58,6.68,4863.86,4873.31,0.0014,4.7241,4808.56,4928.61,12.7062,ms
time_to_first_output_token_p1,141.10,0.08,141.05,141.15,0.0005,0.0533,140.42,141.78,12.7062,ms
http_req_chunks_sent_min,1.00,0.00,1.00,1.00,0.0000,0.0000,1.00,1.00,12.7062,count
http_req_waiting_std,1.96,1.03,1.23,2.69,0.5245,0.7276,-7.28,11.21,12.7062,ms
http_req_sending_p95,0.12,0.00,0.11,0.12,0.0294,0.0024,0.09,0.15,12.7062,ms
usage_prompt_cache_read_tokens_p75,16.00,0.00,16.00,16.00,0.0000,0.0000,16.00,16.00,12.7062,tokens
effective_total_throughput_std,1233.08,0.73,1232.56,1233.60,0.0006,0.5185,1226.49,1239.67,12.7062,tokens/sec
time_to_first_token_p10,142.47,0.37,142.21,142.73,0.0026,0.2613,139.15,145.79,12.7062,ms
prefill_throughput_per_user_p50,7390.72,4.11,7387.81,7393.63,0.0006,2.9092,7353.76,7427.69,12.7062,tokens/sec/user
output_token_count_p95,512.00,0.00,512.00,512.00,0.0000,0.0000,512.00,512.00,12.7062,tokens
reasoning_token_count_std,0.00,0.00,0.00,0.00,inf,0.0000,0.00,0.00,12.7062,tokens
decode_duration_p10,4709.83,2.63,4707.97,4711.69,0.0006,1.8566,4686.24,4733.42,12.7062,ms
http_req_connection_reused_p5,1.00,0.00,1.00,1.00,0.0000,0.0000,1.00,1.00,12.7062,ratio
http_req_sending_p90,0.11,0.00,0.11,0.12,0.0157,0.0013,0.10,0.13,12.7062,ms
http_req_total_p95,4856.97,3.04,4854.82,4859.13,0.0006,2.1522,4829.63,4884.32,12.7062,ms
time_to_second_token_p5,8.28,0.05,8.24,8.31,0.0059,0.0346,7.84,8.72,12.7062,ms
output_token_count_p90,512.00,0.00,512.00,512.00,0.0000,0.0000,512.00,512.00,12.7062,tokens
output_sequence_length_std,0.00,0.00,0.00,0.00,inf,0.0000,0.00,0.00,12.7062,tokens
http_req_connecting_p95,0.00,0.00,0.00,0.00,inf,0.0000,0.00,0.00,12.7062,ms
request_latency_p95,4857.01,3.04,4854.86,4859.17,0.0006,2.1523,4829.67,4884.36,12.7062,ms
inter_token_latency_p1,9.22,0.01,9.21,9.22,0.0006,0.0038,9.17,9.26,12.7062,ms
http_req_connection_reused_min,0.00,0.00,0.00,0.00,inf,0.0000,0.00,0.00,12.7062,ratio
http_req_waiting_p99,150.13,3.32,147.79,152.48,0.0221,2.3447,120.34,179.93,12.7062,ms
active_decode_throughput_p50,108.46,0.07,108.41,108.50,0.0006,0.0473,107.86,109.06,12.7062,tokens/sec
usage_prompt_tokens_p25,1062.00,0.00,1062.00,1062.00,0.0000,0.0000,1062.00,1062.00,12.7062,tokens
http_req_connecting_p90,0.00,0.00,0.00,0.00,inf,0.0000,0.00,0.00,12.7062,ms
time_to_second_token_min,7.35,0.40,7.07,7.63,0.0541,0.2814,3.77,10.93,12.7062,ms
http_req_connection_overhead_p25,0.00,0.00,0.00,0.00,inf,0.0000,0.00,0.00,12.7062,ms
effective_total_throughput_p99,7404.75,2.00,7403.34,7406.17,0.0003,1.4142,7386.78,7422.72,12.7062,tokens/sec
effective_decode_throughput_per_user_p90,110.38,0.20,110.24,110.52,0.0018,0.1423,108.57,112.19,12.7062,tokens/sec/user
request_latency_p90,4856.46,2.55,4854.66,4858.26,0.0005,1.7996,4833.59,4879.32,12.7062,ms
active_total_throughput_avg,324.00,0.17,323.88,324.12,0.0005,0.1193,322.48,325.51,12.7062,tokens/sec
reasoning_token_count_p99,0.00,0.00,0.00,0.00,inf,0.0000,0.00,0.00,12.7062,tokens
usage_reasoning_tokens_sum,0.00,0.00,0.00,0.00,inf,0.0000,0.00,0.00,12.7062,tokens
http_req_chunks_sent_p90,1.00,0.00,1.00,1.00,0.0000,0.0000,1.00,1.00,12.7062,count
http_req_duration_avg,4854.96,2.53,4853.17,4856.74,0.0005,1.7871,4832.25,4877.66,12.7062,ms
output_sequence_length_p99,512.00,0.00,512.00,512.00,0.0000,0.0000,512.00,512.00,12.7062,tokens
http_req_blocked_max,0.00,0.00,0.00,0.00,inf,0.0000,0.00,0.00,12.7062,ms
http_req_data_sent_p10,4.41,0.00,4.41,4.41,0.0000,0.0000,4.41,4.41,12.7062,KB
http_req_data_received_p50,128.09,0.00,128.08,128.09,0.0000,0.0029,128.05,128.13,12.7062,KB
http_req_connection_overhead_avg,0.04,0.00,0.04,0.04,0.0270,0.0008,0.03,0.05,12.7062,ms
input_sequence_length_p5,1062.00,0.00,1062.00,1062.00,0.0000,0.0000,1062.00,1062.00,12.7062,tokens
usage_reasoning_tokens_p75,0.00,0.00,0.00,0.00,inf,0.0000,0.00,0.00,12.7062,tokens
osl_mismatch_count_avg,0.00,0.00,0.00,0.00,inf,0.0000,0.00,0.00,12.7062,requests
inter_chunk_latency_avg,9.22,0.01,9.22,9.22,0.0006,0.0038,9.17,9.27,12.7062,ms
credit_to_start_latency_p75,1.52,0.04,1.49,1.55,0.0285,0.0306,1.13,1.91,12.7062,ms
e2e_output_token_throughput_p1,105.31,0.01,105.31,105.32,0.0001,0.0046,105.26,105.37,12.7062,tokens/sec/user
effective_prefill_concurrency_min,0.00,0.00,0.00,0.00,inf,0.0000,0.00,0.00,12.7062,requests
tokens_in_flight_avg,1309.67,0.05,1309.63,1309.70,0.0000,0.0328,1309.25,1310.08,12.7062,tokens
http_req_waiting_p25,143.01,0.10,142.94,143.08,0.0007,0.0702,142.12,143.90,12.7062,ms
input_sequence_length_min,1062.00,0.00,1062.00,1062.00,0.0000,0.0000,1062.00,1062.00,12.7062,tokens
http_req_connection_reused_p90,1.00,0.00,1.00,1.00,0.0000,0.0000,1.00,1.00,12.7062,ratio
prefill_throughput_per_user_sum,457751.78,717.77,457244.24,458259.32,0.0016,507.5370,451302.91,464200.65,12.7062,tokens/sec/user
time_to_second_token_p90,8.69,0.00,8.68,8.69,0.0005,0.0029,8.65,8.73,12.7062,ms
usage_completion_tokens_p1,512.00,0.00,512.00,512.00,0.0000,0.0000,512.00,512.00,12.7062,tokens
reasoning_token_count_p25,0.00,0.00,0.00,0.00,inf,0.0000,0.00,0.00,12.7062,tokens
osl_mismatch_diff_pct_p95,0.00,0.00,0.00,0.00,inf,0.0000,0.00,0.00,12.7062,%
http_req_blocked_std,0.00,0.00,0.00,0.00,inf,0.0000,0.00,0.00,12.7062,ms
time_to_first_output_token_p5,142.02,0.49,141.68,142.36,0.0034,0.3447,137.64,146.40,12.7062,ms
http_req_duration_p50,4854.84,2.51,4853.07,4856.62,0.0005,1.7753,4832.29,4877.40,12.7062,ms
http_req_waiting_p10,142.32,0.37,142.06,142.58,0.0026,0.2582,139.04,145.60,12.7062,ms
output_sequence_length_p25,512.00,0.00,512.00,512.00,0.0000,0.0000,512.00,512.00,12.7062,tokens
prefill_throughput_per_user_p75,7418.45,4.20,7415.48,7421.41,0.0006,2.9683,7380.73,7456.16,12.7062,tokens/sec/user
reasoning_token_count_p10,0.00,0.00,0.00,0.00,inf,0.0000,0.00,0.00,12.7062,tokens
time_to_first_output_token_min,140.85,0.02,140.84,140.86,0.0001,0.0107,140.71,140.99,12.7062,ms
effective_total_throughput_avg,323.78,0.16,323.66,323.89,0.0005,0.1157,322.31,325.25,12.7062,tokens/sec
inter_chunk_latency_p50,9.22,0.01,9.22,9.22,0.0006,0.0041,9.17,9.27,12.7062,ms
input_sequence_length_p95,1062.00,0.00,1062.00,1062.00,0.0000,0.0000,1062.00,1062.00,12.7062,tokens
inter_token_latency_max,9.22,0.01,9.22,9.23,0.0007,0.0048,9.16,9.28,12.7062,ms
http_req_dns_lookup_avg,0.02,0.00,0.02,0.02,0.0304,0.0004,0.01,0.02,12.7062,ms
http_req_chunks_received_p1,512.00,0.00,512.00,512.00,0.0000,0.0000,512.00,512.00,12.7062,count
http_req_blocked_p99,0.00,0.00,0.00,0.00,inf,0.0000,0.00,0.00,12.7062,ms
effective_latency_p10,4854.64,2.96,4852.55,4856.74,0.0006,2.0941,4828.04,4881.25,12.7062,ms
output_sequence_length_avg,512.00,0.00,512.00,512.00,0.0000,0.0000,512.00,512.00,12.7062,tokens
inter_token_latency_p5,9.22,0.01,9.21,9.22,0.0005,0.0035,9.17,9.26,12.7062,ms
nvidia_energy_per_request_avg,1857.71,20.86,1842.95,1872.46,0.0112,14.7511,1670.28,2045.14,12.7062,joules/request
usage_total_tokens_p1,1574.00,0.00,1574.00,1574.00,0.0000,0.0000,1574.00,1574.00,12.7062,tokens
input_sequence_length_p90,1062.00,0.00,1062.00,1062.00,0.0000,0.0000,1062.00,1062.00,12.7062,tokens
output_token_throughput_per_user_p1,108.43,0.08,108.37,108.48,0.0007,0.0548,107.73,109.12,12.7062,tokens/sec/user
http_req_data_received_sum,7939.90,0.50,7939.55,7940.25,0.0001,0.3525,7935.42,7944.38,12.7062,KB
inter_token_latency_min,9.21,0.01,9.21,9.22,0.0006,0.0041,9.16,9.27,12.7062,ms
http_req_total_avg,4855.00,2.53,4853.21,4856.79,0.0005,1.7863,4832.30,4877.70,12.7062,ms
http_req_data_received_p75,128.15,0.01,128.14,128.16,0.0001,0.0103,128.02,128.28,12.7062,KB
time_to_first_output_token_p90,144.81,0.34,144.57,145.05,0.0024,0.2427,141.72,147.89,12.7062,ms
http_req_dns_lookup_p50,0.00,0.00,0.00,0.00,inf,0.0000,0.00,0.00,12.7062,ms
usage_reasoning_tokens_max,0.00,0.00,0.00,0.00,inf,0.0000,0.00,0.00,12.7062,tokens
e2e_output_token_throughput_p5,105.41,0.07,105.37,105.46,0.0006,0.0467,104.82,106.01,12.7062,tokens/sec/user
http_req_duration_sum,301007.35,156.69,300896.55,301118.15,0.0005,110.7996,299599.51,302415.20,12.7062,ms
http_req_blocked_p25,0.00,0.00,0.00,0.00,inf,0.0000,0.00,0.00,12.7062,ms
http_req_sending_p50,0.10,0.00,0.10,0.10,0.0307,0.0021,0.07,0.13,12.7062,ms
usage_completion_tokens_p5,512.00,0.00,512.00,512.00,0.0000,0.0000,512.00,512.00,12.7062,tokens
inter_chunk_latency_sum,292089.88,172.44,291967.95,292211.81,0.0006,121.9306,290540.60,293639.15,12.7062,ms
e2e_output_token_throughput_min,105.18,0.14,105.08,105.29,0.0014,0.1020,103.89,106.48,12.7062,tokens/sec/user
output_token_count_p50,512.00,0.00,512.00,512.00,0.0000,0.0000,512.00,512.00,12.7062,tokens
http_req_blocked_p10,0.00,0.00,0.00,0.00,inf,0.0000,0.00,0.00,12.7062,ms
http_req_total_p50,4854.84,2.51,4853.07,4856.62,0.0005,1.7753,4832.29,4877.40,12.7062,ms
effective_prefill_throughput_per_user_avg,218.59,0.11,218.52,218.67,0.0005,0.0781,217.60,219.59,12.7062,tokens/sec/user
effective_decode_concurrency_max,1.00,0.00,1.00,1.00,0.0000,0.0000,1.00,1.00,12.7062,requests
usage_reasoning_tokens_std,0.00,0.00,0.00,0.00,inf,0.0000,0.00,0.00,12.7062,tokens
usage_completion_tokens_min,512.00,0.00,512.00,512.00,0.0000,0.0000,512.00,512.00,12.7062,tokens
prefill_throughput_per_user_max,7539.96,0.81,7539.39,7540.53,0.0001,0.5731,7532.68,7547.24,12.7062,tokens/sec/user
request_latency_p50,4854.89,2.51,4853.11,4856.66,0.0005,1.7755,4832.33,4877.45,12.7062,ms
inter_chunk_latency_p75,9.27,0.02,9.25,9.29,0.0026,0.0171,9.06,9.49,12.7062,ms
usage_prompt_tokens_p1,1062.00,0.00,1062.00,1062.00,0.0000,0.0000,1062.00,1062.00,12.7062,tokens
total_output_tokens_avg,31744.00,0.00,31744.00,31744.00,0.0000,0.0000,31744.00,31744.00,12.7062,tokens
effective_prefill_throughput_p95,0.00,0.00,0.00,0.00,inf,0.0000,0.00,0.00,12.7062,tokens/sec
total_isl_avg,65844.00,0.00,65844.00,65844.00,0.0000,0.0000,65844.00,65844.00,12.7062,tokens
http_req_chunks_received_p5,512.00,0.00,512.00,512.00,0.0000,0.0000,512.00,512.00,12.7062,count
usage_total_tokens_p5,1574.00,0.00,1574.00,1574.00,0.0000,0.0000,1574.00,1574.00,12.7062,tokens
osl_mismatch_diff_pct_avg,0.00,0.00,0.00,0.00,inf,0.0000,0.00,0.00,12.7062,%
effective_prefill_throughput_p90,0.00,0.00,0.00,0.00,inf,0.0000,0.00,0.00,12.7062,tokens/sec
output_token_throughput_per_user_p5,108.44,0.08,108.38,108.49,0.0007,0.0531,107.76,109.11,12.7062,tokens/sec/user
usage_reasoning_tokens_p99,0.00,0.00,0.00,0.00,inf,0.0000,0.00,0.00,12.7062,tokens
e2e_output_token_throughput_p90,105.50,0.06,105.46,105.54,0.0006,0.0432,104.95,106.05,12.7062,tokens/sec/user
http_req_chunks_received_min,512.00,0.00,512.00,512.00,0.0000,0.0000,512.00,512.00,12.7062,count
http_req_dns_lookup_sum,1.10,0.03,1.08,1.13,0.0304,0.0237,0.80,1.40,12.7062,ms
prefill_throughput_per_user_std,100.78,44.36,69.41,132.15,0.4402,31.3700,-297.81,499.37,12.7062,tokens/sec/user
usage_prompt_cache_read_tokens_avg,18.06,1.46,17.03,19.10,0.0808,1.0323,4.95,31.18,12.7062,tokens
usage_total_tokens_min,1574.00,0.00,1574.00,1574.00,0.0000,0.0000,1574.00,1574.00,12.7062,tokens
output_token_throughput_per_user_min,108.42,0.08,108.37,108.48,0.0007,0.0564,107.71,109.14,12.7062,tokens/sec/user
http_req_waiting_p1,140.95,0.07,140.90,141.00,0.0005,0.0500,140.32,141.59,12.7062,ms
inter_token_latency_p10,9.22,0.01,9.21,9.22,0.0006,0.0036,9.17,9.26,12.7062,ms
http_req_sending_sum,8.00,0.11,7.92,8.07,0.0136,0.0772,7.02,8.98,12.7062,ms
http_req_data_received_max,128.27,0.02,128.26,128.28,0.0001,0.0132,128.10,128.44,12.7062,KB
http_req_dns_lookup_p75,0.00,0.00,0.00,0.00,inf,0.0000,0.00,0.00,12.7062,ms
output_token_count_sum,31744.00,0.00,31744.00,31744.00,0.0000,0.0000,31744.00,31744.00,12.7062,tokens
active_decode_throughput_std,2.85,0.15,2.74,2.96,0.0540,0.1088,1.47,4.23,12.7062,tokens/sec
http_req_receiving_p95,4712.45,3.27,4710.14,4714.76,0.0007,2.3090,4683.11,4741.79,12.7062,ms
request_count_avg,62.00,0.00,62.00,62.00,0.0000,0.0000,62.00,62.00,12.7062,requests
reasoning_token_count_p1,0.00,0.00,0.00,0.00,inf,0.0000,0.00,0.00,12.7062,tokens
osl_mismatch_diff_pct_p50,0.00,0.00,0.00,0.00,inf,0.0000,0.00,0.00,12.7062,%
total_usage_prompt_cache_read_tokens_avg,1120.00,90.51,1056.00,1184.00,0.0808,64.0000,306.80,1933.20,12.7062,tokens
http_req_total_sum,301010.02,156.62,300899.27,301120.77,0.0005,110.7488,299602.82,302417.21,12.7062,ms
prefill_throughput_per_user_p99,7526.63,4.01,7523.79,7529.47,0.0005,2.8357,7490.60,7562.66,12.7062,tokens/sec/user
http_req_chunks_received_p95,512.00,0.00,512.00,512.00,0.0000,0.0000,512.00,512.00,12.7062,count
output_sequence_length_p1,512.00,0.00,512.00,512.00,0.0000,0.0000,512.00,512.00,12.7062,tokens
http_req_sending_p75,0.11,0.00,0.10,0.11,0.0185,0.0014,0.09,0.12,12.7062,ms
usage_reasoning_tokens_p25,0.00,0.00,0.00,0.00,inf,0.0000,0.00,0.00,12.7062,tokens
request_latency_sum,301010.12,156.73,300899.30,301120.95,0.0005,110.8248,299601.96,302418.28,12.7062,ms
usage_total_tokens_p95,1574.00,0.00,1574.00,1574.00,0.0000,0.0000,1574.00,1574.00,12.7062,tokens
effective_latency_p1,4853.48,2.58,4851.66,4855.30,0.0005,1.8225,4830.32,4876.64,12.7062,ms
usage_prompt_cache_read_tokens_p50,16.00,0.00,16.00,16.00,0.0000,0.0000,16.00,16.00,12.7062,tokens
output_token_count_p75,512.00,0.00,512.00,512.00,0.0000,0.0000,512.00,512.00,12.7062,tokens
http_req_chunks_received_p90,512.00,0.00,512.00,512.00,0.0000,0.0000,512.00,512.00,12.7062,count
http_req_data_received_std,0.12,0.02,0.11,0.14,0.1735,0.0150,-0.07,0.31,12.7062,KB
http_req_duration_max,4867.52,6.67,4862.80,4872.24,0.0014,4.7199,4807.54,4927.49,12.7062,ms
http_req_total_p75,4855.71,2.42,4854.00,4857.42,0.0005,1.7090,4833.99,4877.42,12.7062,ms
usage_total_tokens_p90,1574.00,0.00,1574.00,1574.00,0.0000,0.0000,1574.00,1574.00,12.7062,tokens
active_decode_throughput_p99,111.26,0.17,111.14,111.38,0.0015,0.1214,109.72,112.80,12.7062,tokens/sec
http_req_connection_overhead_max,2.66,0.07,2.61,2.71,0.0270,0.0508,2.02,3.31,12.7062,ms
request_latency_p75,4855.76,2.41,4854.05,4857.46,0.0005,1.7073,4834.06,4877.45,12.7062,ms
usage_prompt_tokens_p5,1062.00,0.00,1062.00,1062.00,0.0000,0.0000,1062.00,1062.00,12.7062,tokens
active_total_throughput_min,108.42,0.08,108.37,108.48,0.0007,0.0564,107.71,109.14,12.7062,tokens/sec
inter_chunk_latency_max,12.28,0.28,12.09,12.48,0.0228,0.1978,9.77,14.80,12.7062,ms
credit_to_start_latency_avg,1.51,0.05,1.47,1.55,0.0342,0.0365,1.05,1.97,12.7062,ms
http_req_connection_overhead_p5,0.00,0.00,0.00,0.00,inf,0.0000,0.00,0.00,12.7062,ms
usage_completion_tokens_p10,512.00,0.00,512.00,512.00,0.0000,0.0000,512.00,512.00,12.7062,tokens
tokens_in_flight_max,1574.00,0.00,1574.00,1574.00,0.0000,0.0000,1574.00,1574.00,12.7062,tokens
active_prefill_throughput_per_user_avg,7381.43,13.00,7372.24,7390.61,0.0018,9.1894,7264.66,7498.19,12.7062,tokens/sec/user
time_to_first_token_p95,145.21,0.03,145.18,145.23,0.0002,0.0240,144.90,145.51,12.7062,ms
decode_duration_p95,4712.44,3.26,4710.13,4714.75,0.0007,2.3083,4683.11,4741.77,12.7062,ms
prefill_throughput_per_user_p25,7363.05,3.47,7360.59,7365.50,0.0005,2.4558,7331.84,7394.25,12.7062,tokens/sec/user
usage_prompt_tokens_min,1062.00,0.00,1062.00,1062.00,0.0000,0.0000,1062.00,1062.00,12.7062,tokens
http_req_data_received_p99,128.26,0.01,128.25,128.27,0.0001,0.0096,128.13,128.38,12.7062,KB
time_to_first_token_p90,144.81,0.34,144.57,145.05,0.0024,0.2427,141.72,147.89,12.7062,ms
http_req_duration_std,2.14,0.88,1.52,2.76,0.4097,0.6211,-5.75,10.04,12.7062,ms
http_req_connection_overhead_min,0.00,0.00,0.00,0.00,inf,0.0000,0.00,0.00,12.7062,ms
total_usage_total_tokens_avg,97588.00,0.00,97588.00,97588.00,0.0000,0.0000,97588.00,97588.00,12.7062,tokens
decode_duration_p90,4712.14,2.99,4710.03,4714.26,0.0006,2.1113,4685.32,4738.97,12.7062,ms
inter_chunk_latency_std,0.24,0.01,0.23,0.24,0.0528,0.0088,0.12,0.35,12.7062,ms
osl_mismatch_diff_pct_sum,0.00,0.00,0.00,0.00,inf,0.0000,0.00,0.00,12.7062,%
prefill_throughput_per_user_avg,7383.09,11.58,7374.91,7391.28,0.0016,8.1861,7279.08,7487.11,12.7062,tokens/sec/user
tokens_in_flight_std,155.39,0.09,155.32,155.46,0.0006,0.0658,154.55,156.23,12.7062,tokens
http_req_blocked_p1,0.00,0.00,0.00,0.00,inf,0.0000,0.00,0.00,12.7062,ms
http_req_waiting_p5,141.88,0.50,141.53,142.24,0.0036,0.3563,137.36,146.41,12.7062,ms
output_token_throughput_per_user_p10,108.44,0.07,108.39,108.49,0.0006,0.0486,107.83,109.06,12.7062,tokens/sec/user
usage_prompt_cache_read_tokens_sum,1120.00,90.51,1056.00,1184.00,0.0808,64.0000,306.80,1933.20,12.7062,tokens
http_req_dns_lookup_max,1.10,0.03,1.08,1.13,0.0304,0.0237,0.80,1.40,12.7062,ms
http_req_duration_p99,4861.59,0.31,4861.38,4861.81,0.0001,0.2187,4858.82,4864.37,12.7062,ms
reasoning_token_count_p5,0.00,0.00,0.00,0.00,inf,0.0000,0.00,0.00,12.7062,tokens
effective_concurrency_avg,1.00,0.00,1.00,1.00,0.0000,0.0000,1.00,1.00,12.7062,requests
http_req_data_sent_p95,4.94,0.00,4.94,4.94,0.0000,0.0000,4.94,4.94,12.7062,KB
http_req_waiting_min,140.71,0.01,140.71,140.72,0.0000,0.0048,140.65,140.77,12.7062,ms
osl_mismatch_diff_pct_p75,0.00,0.00,0.00,0.00,inf,0.0000,0.00,0.00,12.7062,%
nvidia_energy_per_output_token_avg,3628.33,40.74,3599.52,3657.14,0.0112,28.8107,3262.26,3994.41,12.7062,mJ/token
active_decode_throughput_avg,108.47,0.06,108.42,108.51,0.0006,0.0453,107.89,109.04,12.7062,tokens/sec
http_req_data_received_p25,127.98,0.01,127.97,127.99,0.0001,0.0077,127.88,128.08,12.7062,KB
output_sequence_length_p5,512.00,0.00,512.00,512.00,0.0000,0.0000,512.00,512.00,12.7062,tokens
effective_total_throughput_min,0.00,0.00,0.00,0.00,inf,0.0000,0.00,0.00,12.7062,tokens/sec
inter_chunk_latency_p99,9.46,0.01,9.45,9.47,0.0015,0.0103,9.32,9.59,12.7062,ms
effective_decode_throughput_p95,110.60,0.17,110.49,110.72,0.0015,0.1181,109.10,112.10,12.7062,tokens/sec
tokens_in_flight_p99,1568.00,0.00,1568.00,1568.00,0.0000,0.0000,1568.00,1568.00,12.7062,tokens
reasoning_token_count_min,0.00,0.00,0.00,0.00,inf,0.0000,0.00,0.00,12.7062,tokens
http_req_data_sent_p90,4.90,0.00,4.90,4.90,0.0000,0.0000,4.90,4.90,12.7062,KB
active_decode_throughput_per_user_p95,110.61,0.17,110.49,110.73,0.0015,0.1175,109.12,112.10,12.7062,tokens/sec/user
effective_latency_p5,4854.29,2.60,4852.45,4856.13,0.0005,1.8389,4830.93,4877.66,12.7062,ms
output_token_count_max,512.00,0.00,512.00,512.00,0.0000,0.0000,512.00,512.00,12.7062,tokens
effective_decode_throughput_p90,110.38,0.20,110.24,110.52,0.0018,0.1423,108.57,112.19,12.7062,tokens/sec
nvidia_energy_per_user_avg,115177.77,1293.39,114263.20,116092.34,0.0112,914.5680,103557.08,126798.46,12.7062,joules/user
output_sequence_length_min,512.00,0.00,512.00,512.00,0.0000,0.0000,512.00,512.00,12.7062,tokens
active_decode_throughput_per_user_p90,110.39,0.20,110.25,110.53,0.0018,0.1400,108.62,112.17,12.7062,tokens/sec/user
http_req_dns_lookup_std,0.14,0.00,0.14,0.14,0.0304,0.0030,0.10,0.18,12.7062,ms
http_req_total_max,4870.18,6.75,4865.41,4874.95,0.0014,4.7707,4809.56,4930.80,12.7062,ms
effective_prefill_throughput_p50,0.00,0.00,0.00,0.00,inf,0.0000,0.00,0.00,12.7062,tokens/sec
effective_latency_min,4852.82,2.38,4851.14,4854.50,0.0005,1.6809,4831.46,4874.17,12.7062,ms
http_req_data_received_avg,128.06,0.01,128.06,128.07,0.0001,0.0057,127.99,128.14,12.7062,KB

Aggregation Type,confidence
Total Runs,2
Successful Runs,2
Confidence Level,0.95
Run Labels,"['run_0001', 'run_0002']"
Cooldown Seconds,60.0
Variation Label,phases.profiling.concurrency=1
Variation Values,{'phases.profiling.concurrency': 1}
Sweep Mode,repeated
Model,MiniMaxAI/MiniMax-M2.7
